[gd_scene load_steps=7 format=2]

[ext_resource path="res://Terrain.gd" type="Script" id=1]
[ext_resource path="res://Player.gd" type="Script" id=2]
[ext_resource path="res://water_material.tres" type="Material" id=3]

[sub_resource type="PlaneMesh" id=5]

[sub_resource type="CapsuleShape" id=4]

[sub_resource type="CapsuleMesh" id=3]

[node name="Main" type="Spatial"]

[node name="Water" type="MeshInstance" parent="."]
transform = Transform( 1024, 0, 0, 0, 1, 0, 0, 0, 1024, -64, 1, 64 )
mesh = SubResource( 5 )
material/0 = ExtResource( 3 )

[node name="Control" type="Control" parent="."]
margin_right = 40.0
margin_bottom = 40.0

[node name="Roughness" type="RichTextLabel" parent="Control"]
margin_left = 50.0
margin_top = 50.0
margin_right = 168.0
margin_bottom = 72.0
bbcode_enabled = true
bbcode_text = "[b][color=black]Roughness:[/color][/b]"
text = "Roughness:"

[node name="Roughness_slider" type="HSlider" parent="Control"]
margin_left = 50.0
margin_top = 70.0
margin_right = 130.0
margin_bottom = 100.0
min_value = 1.7
max_value = 2.7
step = 0.1
value = 2.2
tick_count = 5
ticks_on_borders = true

[node name="Terrain" type="Spatial" parent="."]
script = ExtResource( 1 )

[node name="Camera" type="Camera" parent="Terrain"]
transform = Transform( 1, 0, 0, 0, 0.642788, 0.766044, 0, -0.766044, 0.642788, 64, 64, 64 )
far = 500.0

[node name="Player" type="KinematicBody" parent="Terrain"]
transform = Transform( 1, 0, 0, 0, 1, 0, 0, 0, 1, 0, 1, 0 )
script = ExtResource( 2 )

[node name="CollisionShape" type="CollisionShape" parent="Terrain/Player"]
transform = Transform( 1, 0, 0, 0, -4.37114e-08, 1, 0, -1, -4.37114e-08, 0, -1.19209e-07, 1.89462e-15 )
shape = SubResource( 4 )

[node name="MeshInstance" type="MeshInstance" parent="Terrain/Player"]
transform = Transform( 1, 0, 0, 0, -4.37114e-08, -1, 0, 1, -4.37114e-08, 0, 0, 0 )
mesh = SubResource( 3 )

[node name="Egocam" type="Camera" parent="Terrain/Player"]
transform = Transform( 1, 0, 0, 0, 0.996555, 0.08293, 0, -0.08293, 0.996555, 0, 1.23284, -0.767841 )
far = 400.0

[node name="DirectionalLight" type="DirectionalLight" parent="."]
transform = Transform( -0.77228, -0.339385, -0.537031, -0.59714, 0.676304, 0.43132, 0.216812, 0.653782, -0.724956, 0.550848, 5.46678, -11.3522 )
light_indirect_energy = 0.5
light_specular = 0.206
shadow_enabled = true
shadow_color = Color( 0.188235, 0.262745, 0.192157, 1 )
directional_shadow_mode = 0
directional_shadow_max_distance = 300.0

[connection signal="value_changed" from="Control/Roughness_slider" to="Terrain" method="_on_Roughness_slider_value_changed"]
